1485457796156406659982186631453220379640279139942377993143313123836113982529489981405630592406186724
0579255587304789789949728139339021447446081690738536930392768789917491045035274094661295281298068231
6437184261950990882743414197746978487185271776648238750454867142866106594840001417750824755019593473
8134199830706518800153208032054619435758448516340116790811675452434532852059414497470000916413660086
7975524502651350129639593470221570460270633440885740470062134935103318845624910710272163519849510092
8899789616694173478259965394677916853418286643186314872338687980069523397636525572183498231952280356
7518655990787381283033236452855478376565385281156169395498193605934720327381577000004622372034893983
5745366015160133633382011336191767651799695469193607555196652729825693297169526295699056116150853925
3787386907156066811642690889593976868846363192398216819037737534941397732568925522500293749468195890
2049202639263051992529472810420485894055134578332334748696164017402271827742320080456074977840117320
0312906017458140499665778424459853012940310779675845923161824184549334797491512015756247948443255953
8616576720323426334109345646791186574155208710609736083807963517802231661512735325365256739807787149
7231796469523072569144505564803528003236239070630942171364329875372854501470638048663070450209958233
6997338432701305876216534194152440677037992740734750714005566218809192450529205507965700466618254641
3955226375588903240452867968554927309275398400984271690670426716831029428839319756191260184125570871
3021043312395597146312700515253121669697686353978848610043885773745375602053289521348536979236363889
0721645115321707279328188008844036193258126054392365644999419908445994494524809868142240970900099413
2704871860778430105360305057240951562774377450943798602096697262470406264136793318172520924986863174
3642256142602319938447099695561730603401546069052118166719927557332693159707202470566004634138571309
9660520696204906404285775508420476458008055519955770811197102102643335906128079361156358915229458307
1789374399696301770434636525757659437958788025575214338545617415371479018816908821162848393600684308
6057438397084458760761491420226981611291476478186179918776121313043829210033593387786607446573365308
4178795547104542485244818650527865231404456671259963887870829598879431722402907877236809055978426193
1237639957602862416138930494483415886212583248095477979188477370561050972061625047135722734481929779
2732093971960624225403162307120144280301106597078116038217055880914132674283269505715536405772866321
8729677154644937521850295312122975099803062703884105117353021218286504140829914580040716824736613871
7612168151175904711373896777248381824578017137220635057338237111981140821302319406813874107364545715
1891052581832903993361250303280580357728800205248050995226317708539908432805081099823620425931522567
1969615191785280260715059135308103950453459502311944889278835248362438022719357555073878809827070309
4379432204028937005107725694373003476372418128874923333977432988123359040156001361808165620468572505
1145094027776368844551153407817198513680176693443864263771058355922871589110598586546940050129358160
9687151509339359893313509684805860245714877224056627757017518472413736840554227309470441343391916654
0979793499591637585749007158383890666506799136930082163710087236194855215503462263258690748597543129
6544419831487308104463387623810770444652459802517724932030925800563789525057251870892779123219763812
9278484507325466532801660546361203516018910136179652184973033877919122673287555829938068336661475002
6166449604487284660063420030740452304260906371091323865824717593143295229886289861858978854850532943
5744495561307091331881532833335692716956456148684917646290906843827286052136817301268921346548060756
9321547966475570110846935379809373942684942490410105254525224653989741047629715595548945381901405513
2571812138400731846835566338657716256276356981753536197092422083020944875111806991932659946740841062
3890819774014591079185029743575651118101683266146682337995953313151576312591691944708504388699586103
1733562167258715778936845152374896960257234177711317103113446274404285790863894109764889272607520590
9511531457129066627964290216483510591662154563089521402759718907575970479337459345166194278785092626
6653698564138097524284645019729324741295053037171605189765444722178605976655220380639586207123761837
7524277010316078109589841547738472387736234383164002881014726190273544386324177786132719438990157879
8575282162891493302575402661117594804082595981614026843487939441959699246011617602573745755284259227
3309669022708393391690070327460664585869328176299475619939369436261629904468360634869592040732586571
2120469214583816245200804575820606206069181863341792301947600938875726260959305478739956437779014728
5640778694295298323301285983792640380024138154568699478000382052566432748289125530344842797570347100
1232050308729208858795454913598513733329139456725027330951565417551171668546777730520823251336565394
6766691755336775743943976176001150655550864050448496526243849921808302689794815080212803914141726841
5798156356392142928980036134486304077728662511021990179059559429495668884523284908197298701984576216
4286978148973865360373002189192828717193142289790255279261324838226195698988224236396528620025573214
9356203681271095403233567316474425710932431567313589746932732818456776024252587091296266948939452404
2764215908747523266924148144536937539424243799695839822058967561418963044104577013077578757547509653
5614731258562935927188727819376673616325870397978242137432048693168790838934372977724538078508023538
3893060826334282482288594536012028482724421602776137595550251408432455072030859995454944436239039489
1493718590013962157864673288672984150466795679482641731553939514241303637626518655294508892477200445
9403147449067458301904147220357347292487174160934278488031365780730431374855731401067027027333467605
9444791812169799006760361209881206732195361267244802731103558184209839130858129343260627574012024389
0456031463499444253723185896492067975220995936963826901510301824062411710302690076728110673596113343
8949916679754311953411684688259944258971629298236713133690834558303688983628088860907261372263619612
2319313675048432714661443349107611337171919706645174148899891535394043097303600698892537018301038685
9969656293589697027851170747014839759164396843361221669984281830058665958233095811115062128435145557
0741315801510608063457125565031350820775047803542544969874958131943506108863769482656235346694067004
7190327688362726014208278558611772488498395408043152680135232379750714916475110488875153861357428083
7749467562109693372176997233612190687617816758198130142777606046420735037817052708204453542736958215
0372328581412960865579808124658428869807775056225095304358841387091516395728921253773813155565788260
1800341008114067056452395142169247325207689042857173291145795366145724768664326996582002995491149109
1693657662879874910735067530194705434124489581083931959490373773222228145990062896851457591102958115
2905773038375827460758906177460846787991765620206836616597937129795587176528736290333496995716570354
9278421093284156379282335938365400947673132536675906860957127463992827403168249871735191862531975508
4700284586536385600455661665953306248375779570760251067996640466852439260593924617601830860533555790
3355405227283835723419780646150950027980112713229413295703517747403527504569752017801063974633028064
6577453828018793857440698001624023207605657465232049332126603867776380726839506217527658638397785651
7384857156938958505360618675435737454636325107190087340319194385972613381878172487695614290484087632
6751586262161351060535301765962907157359888333823523238091434224509812055632388134791688685116245358
9778468340084677255676953354288336170919908528579363144967383295448035647216198159359760799649147738
9569696537642337312873503546748912710106578744833246418982145186926040424412092129657708186124393483
7032981956507742309769562079948098617988304444646584521541926277041305406308309579619373265804246806
5179417919867636331838206884264814199739498136137480481434175508545281031549598406780324939540571735
8507203344232038033527753517525760300350144424285309776930630565771272179726901578152242055762152956
0496595314606879751110321287732775954570697777960803582468058915732227893657194087374604798735713773
2182588953692129847777282022079094240059588725625837315119619289303102116872275791943536205331929507
4708140693007620361392414206761243123251333171307355400815209907913932027440440154232569711577190280
2476779623174444009553865697964175845382836448232842966560558450151050358162942491094622253620274685
1101460756657238585699823628109330549393546156848820962109136865638747576704173728176395823350093864
1246872563180221945918188967576947639176075008946133556338809441707317824464168974899974050408318502
6061635289000249836358492884764560916689622778343915536689692455235160991305294954634478513693342797
4209110060045564083229736483205252924989610551398136085792484258809667924955775080358528879703732520
7402388457080132609791096112278749492621924088299984240778402924677346354404497635310410623551506652
2184207276144071850660335138863316250478288945813303657764910967888422468583251746764054823035792070
2204897874129579316093191929004007682772173348140544575730153050955619016714206016586043016991134110
0869101905409720707016247054904272943154906302778933926041919373962535428461059451023353850640899550
7709175552721677299663392764964184225220212863799490615302603847107481560069133060864648250534360131
3547516396912833200718368328510955278174328622828297792734500284550456610115941456883409814146764321
4102460823284453051522217016889469820638612806800044754504032656502409787167917593545717613135386056
4240350773820971746306441478976706800904783864798140918852614828979536666025358953299158316877371540
0192204165742338358588427795490607247387517014753450913401709813108030982609464534238717373582948380
6923799342640809227793071209475109613416172092714471725306974020978455204422981088390453900045587251
7541723736120451741910341033050106779966470151057466036153580321821542628406332987577328021867665414